1305031102.175304 0.000000 0.000000 0.000000 0.000000 0.000000 0.000000 1.000000
1305031102.211214 0.001628 -0.009957 -0.014219 0.001485 0.003503 0.001280 0.999992
1305031102.275326 0.000831 -0.007103 -0.041561 0.013982 0.010034 0.000176 0.999852
1305031102.311267 0.000964 -0.005293 -0.055935 0.018507 0.012053 -0.000186 0.999756
1305031102.343233 0.000618 -0.007510 -0.066621 0.019879 0.013930 -0.002310 0.999703
1305031102.375329 0.002594 -0.006008 -0.076541 0.022376 0.014902 -0.001625 0.999637
1305031102.411258 0.003870 -0.009930 -0.087421 0.023250 0.017395 -0.000842 0.999578
1305031102.443271 0.003733 -0.014158 -0.098143 0.027621 0.020727 -0.000482 0.999403
1305031102.475318 0.001189 -0.010059 -0.113940 0.035766 0.023619 -0.000372 0.999081
1305031102.511219 -0.000563 -0.011235 -0.130167 0.039553 0.023544 0.000919 0.998940
1305031102.575286 0.000840 -0.003578 -0.157064 0.046864 0.020282 0.004261 0.998686
1305031102.611233 0.000613 -0.002363 -0.171667 0.044356 0.018480 0.003698 0.998838
1305031102.675285 0.000613 -0.002363 -0.171667 0.044356 0.018480 0.003698 0.998838
1305031102.711263 0.000000 0.000000 0.000000 0.000000 0.000000 0.000000 1.000000
1305031102.743234 0.001867 -0.005973 -0.012119 -0.000513 -0.000505 -0.000857 0.999999
1305031102.775472 -0.000049 -0.005776 -0.028467 0.001853 -0.001801 0.000690 0.999996
1305031102.811232 0.000873 -0.007974 -0.041033 0.002651 -0.005178 0.001865 0.999981
1305031102.843290 0.000763 -0.007253 -0.056607 0.004850 -0.008412 0.002546 0.999950
1305031102.875363 0.005279 -0.009168 -0.067100 0.003941 -0.012760 0.004817 0.999899
1305031102.911185 0.008275 -0.011184 -0.076835 0.003263 -0.015304 0.006634 0.999856
1305031102.975203 0.017967 -0.013302 -0.093418 0.004257 -0.012047 0.008232 0.999884
1305031103.011215 0.015609 -0.014794 -0.105353 0.005701 -0.005180 0.005580 0.999955
1305031103.043227 0.014962 -0.018480 -0.119598 0.006513 0.001096 0.003068 0.999973
1305031103.075319 0.007644 -0.017007 -0.134337 0.007061 0.006506 0.000818 0.999954
1305031103.111240 0.009708 -0.025014 -0.141406 0.004289 0.005180 -0.000267 0.999977
1305031103.143318 0.009708 -0.025014 -0.141406 0.004289 0.005180 -0.000267 0.999977
1305031103.175452 0.000000 0.000000 0.000000 0.000000 0.000000 0.000000 1.000000
1305031103.243216 0.000535 -0.005396 -0.016627 0.011703 -0.000193 -0.004335 0.999922
1305031103.275370 0.006048 -0.005035 -0.019523 0.021726 0.000262 -0.008444 0.999728
1305031103.311210 0.003895 0.001803 -0.027551 0.030580 0.010754 -0.009261 0.999432
1305031103.343223 -0.001955 -0.000212 -0.033306 0.030200 0.017098 -0.008088 0.999365
1305031103.375327 -0.002375 0.000813 -0.034131 0.033738 0.015497 -0.009785 0.999263
1305031103.411260 -0.001423 0.005339 -0.031662 0.036606 0.014685 -0.011846 0.999152
1305031103.443280 -0.000767 0.005203 -0.027777 0.035807 0.017181 -0.011544 0.999144
1305031103.475274 -0.001235 0.007883 -0.024453 0.035672 0.020438 -0.010236 0.999102
1305031103.511333 -0.001892 0.011871 -0.016681 0.033741 0.022288 -0.007686 0.999152
1305031103.543444 -0.002626 0.014222 -0.008725 0.029465 0.024248 -0.006518 0.999250
1305031103.575474 -0.000617 0.015933 0.003312 0.024715 0.024960 -0.005435 0.999368
1305031103.611223 0.000000 0.000000 0.000000 0.000000 0.000000 0.000000 1.000000
1305031103.643445 0.000000 0.000000 0.000000 0.000000 0.000000 0.000000 1.000000
1305031103.675523 -0.001071 0.002416 0.011280 -0.002629 0.003129 0.000204 0.999992
1305031103.711610 -0.001695 0.003202 0.022015 -0.005894 0.004610 0.000727 0.999972
1305031103.743326 -0.002544 0.007179 0.033844 -0.008232 0.004741 0.001283 0.999954
1305031103.775342 -0.001039 0.008262 0.049894 -0.011489 0.003513 0.004971 0.999915
1305031103.811242 0.000462 0.008797 0.065232 -0.011463 0.001497 0.008956 0.999893
1305031103.843251 0.002680 0.006519 0.081961 -0.009047 0.000719 0.010975 0.999899
1305031103.875361 0.003781 0.015726 0.092669 0.000202 0.004042 0.012990 0.999907
1305031103.911221 0.004094 0.019888 0.103754 -0.000566 0.008598 0.014238 0.999862
1305031103.943211 0.004766 0.021395 0.119596 -0.002717 0.011482 0.015005 0.999818
1305031103.975373 0.002774 0.024333 0.131302 -0.004631 0.014723 0.015393 0.999762
1305031104.011232 -0.000971 0.029730 0.143577 -0.008527 0.016392 0.017246 0.999681
1305031104.043249 -0.000971 0.029730 0.143577 -0.008527 0.016392 0.017246 0.999681
1305031104.075425 0.000000 0.000000 0.000000 0.000000 0.000000 0.000000 1.000000
1305031104.111235 -0.001599 0.003743 0.011467 -0.002789 -0.005619 0.001808 0.999979
1305031104.143230 0.000011 0.007191 0.028954 -0.007222 -0.012070 0.002503 0.999898
1305031104.175424 0.000905 0.009254 0.044216 -0.011304 -0.015687 0.003243 0.999808
1305031104.211283 -0.000992 0.012458 0.056753 -0.015380 -0.017520 0.003053 0.999724
1305031104.243196 -0.002338 0.012849 0.067077 -0.020572 -0.018974 0.002566 0.999605
1305031104.275546 0.000195 0.015879 0.083968 -0.024867 -0.023424 0.004575 0.999406
1305031104.311219 -0.002284 0.018276 0.094269 -0.028127 -0.025855 0.004349 0.999260
1305031104.343342 -0.003649 0.017443 0.104653 -0.032211 -0.029759 0.004873 0.999026
1305031104.375837 -0.004302 0.018325 0.115109 -0.034076 -0.034673 0.004179 0.998809
1305031104.411509 -0.001729 0.021046 0.127269 -0.034997 -0.039763 0.004128 0.998588
1305031104.443288 0.000435 0.021826 0.140669 -0.035393 -0.041959 0.003225 0.998487
1305031104.475456 0.000435 0.021826 0.140669 -0.035393 -0.041959 0.003225 0.998487
1305031104.511329 0.000000 0.000000 0.000000 0.000000 0.000000 0.000000 1.000000
1305031104.543368 -0.002538 0.001257 0.008204 -0.003337 0.002877 -0.000973 0.999990
1305031104.575343 -0.007956 0.002360 0.015406 -0.008304 0.004012 -0.001418 0.999956
1305031104.611336 -0.015196 0.013818 0.024799 -0.015651 0.000804 -0.002499 0.999874
1305031104.643243 -0.013892 0.003869 0.034850 -0.031583 -0.007819 -0.003106 0.999466
1305031104.675525 -0.019065 0.008064 0.037223 -0.042049 -0.014329 -0.006115 0.998994
1305031104.711277 -0.021032 0.024200 0.058224 -0.051750 -0.022936 -0.006942 0.998373
1305031104.743280 -0.028834 0.024816 0.067054 -0.065044 -0.027888 -0.007979 0.997461
1305031104.775327 -0.028865 0.026874 0.076340 -0.077257 -0.035690 -0.009527 0.996327
1305031104.811465 -0.032280 0.024721 0.083144 -0.089321 -0.042242 -0.011746 0.995037
1305031104.843258 -0.028806 0.022808 0.089613 -0.098360 -0.050556 -0.013724 0.993771
1305031104.875350 -0.020855 0.017357 0.096660 -0.105687 -0.056143 -0.016089 0.992683
1305031104.911534 -0.022781 0.015492 0.098067 -0.108041 -0.056741 -0.018295 0.992357
1305031104.943262 -0.022622 0.013836 0.098502 -0.109110 -0.057648 -0.018946 0.992176
1305031104.975202 -0.020464 0.008963 0.096382 -0.108288 -0.057280 -0.018954 0.992287
1305031105.011290 -0.022548 0.011351 0.094555 -0.101613 -0.056146 -0.018819 0.993060
1305031105.043373 -0.022031 0.003016 0.087521 -0.097648 -0.055226 -0.018945 0.993507
1305031105.075320 -0.022772 -0.003467 0.076641 -0.090862 -0.053841 -0.017357 0.994255
1305031105.111299 -0.018605 -0.003582 0.065283 -0.084326 -0.053359 -0.016257 0.994876
1305031105.143106 -0.011293 -0.024065 0.046693 -0.082479 -0.051589 -0.015326 0.995139
1305031105.175159 -0.007366 -0.029248 0.033005 -0.069225 -0.048316 -0.011913 0.996359
1305031105.211268 -0.002548 -0.023578 0.015827 -0.054861 -0.044547 -0.010654 0.997443
1305031105.243270 0.000824 -0.027744 -0.002451 -0.046932 -0.038517 -0.009380 0.998111
1305031105.275288 0.008802 -0.030613 -0.013189 -0.036744 -0.033853 -0.007850 0.998720
1305031105.311290 0.009982 -0.029297 -0.030109 -0.026075 -0.025865 -0.007697 0.999296
1305031105.343302 0.010657 -0.028067 -0.048269 -0.018029 -0.019058 -0.007343 0.999629
1305031105.375338 0.013045 -0.026276 -0.061545 -0.014235 -0.014441 -0.006815 0.999771
1305031105.411286 0.013317 -0.028116 -0.076203 -0.008405 -0.009490 -0.005939 0.999902
1305031105.443316 0.013599 -0.020037 -0.088711 0.000537 -0.005709 -0.006172 0.999965
1305031105.475280 0.013321 -0.021808 -0.104028 0.003032 -0.002141 -0.005179 0.999980
1305031105.511332 0.011529 -0.020438 -0.119384 0.008427 0.000862 -0.005825 0.999947
1305031105.543282 0.007180 -0.024315 -0.142453 0.011114 0.003476 -0.008766 0.999894
1305031105.575449 0.011924 -0.017421 -0.150606 0.016092 0.002804 -0.007359 0.999839
1305031105.611378 0.006880 -0.020327 -0.173783 0.017425 0.005517 -0.009249 0.999790
1305031105.643273 0.011391 -0.020214 -0.186108 0.018164 0.004256 -0.011182 0.999763
1305031105.711309 0.003012 -0.015204 -0.217681 0.020996 0.005162 -0.011727 0.999697
1305031105.743312 0.003830 -0.024638 -0.236755 0.017388 0.001542 -0.012449 0.999770
1305031105.775339 0.005187 -0.026964 -0.256510 0.017199 -0.003364 -0.012513 0.999768
1305031105.811283 0.005573 -0.030972 -0.269041 0.015051 -0.007848 -0.013668 0.999763
1305031105.843271 0.008505 -0.031904 -0.282797 0.014268 -0.012230 -0.014373 0.999720
1305031105.875337 0.011586 -0.037892 -0.294732 0.012920 -0.017960 -0.015139 0.999641
1305031105.911262 0.013875 -0.039458 -0.309306 0.015476 -0.022254 -0.019728 0.999438
1305031105.943272 0.018414 -0.038336 -0.315909 0.018994 -0.026763 -0.021395 0.999232
1305031105.975329 0.020722 -0.036203 -0.327854 0.024434 -0.029348 -0.022135 0.999025
1305031106.011285 0.019337 -0.038400 -0.343269 0.028141 -0.030437 -0.025686 0.998810
1305031106.043355 0.027679 -0.035941 -0.354841 0.033357 -0.034967 -0.025049 0.998517
1305031106.075330 0.023309 -0.038234 -0.369492 0.036756 -0.033393 -0.029859 0.998320
1305031106.111327 0.027521 -0.037702 -0.378460 0.042226 -0.034581 -0.029996 0.998059
1305031106.143355 0.030884 -0.032762 -0.391555 0.049513 -0.034021 -0.031322 0.997702
1305031106.175534 0.031366 -0.029924 -0.402842 0.053888 -0.032515 -0.032444 0.997490
1305031106.211275 0.028738 -0.026534 -0.416605 0.057595 -0.029970 -0.034390 0.997297
1305031106.243267 0.028492 -0.026615 -0.423663 0.058190 -0.028608 -0.037531 0.997190
1305031106.276385 0.027243 -0.033818 -0.430694 0.057739 -0.026650 -0.039449 0.997196
1305031106.311238 0.027058 -0.031337 -0.436544 0.061791 -0.025700 -0.041441 0.996897
1305031106.343258 0.028399 -0.031019 -0.439791 0.067267 -0.025273 -0.042497 0.996509
1305031106.375388 0.025345 -0.023366 -0.447405 0.076291 -0.023690 -0.035858 0.996159
1305031106.411320 0.030916 -0.009200 -0.450866 0.084530 -0.028796 -0.029239 0.995576
1305031106.443278 0.037462 -0.006569 -0.446202 0.085624 -0.033203 -0.025432 0.995449
1305031106.475345 0.036471 -0.006756 -0.440704 0.085044 -0.032002 -0.025386 0.995540
1305031106.511129 0.034075 0.000397 -0.431672 0.085965 -0.028725 -0.026844 0.995522
1305031106.543302 0.033999 -0.005240 -0.424886 0.080444 -0.025691 -0.022189 0.996181
1305031106.575282 0.023988 -0.001592 -0.410620 0.079445 -0.020822 -0.023713 0.996340
1305031106.611151 0.023480 -0.011362 -0.402757 0.075385 -0.018077 -0.022192 0.996744
1305031106.643207 0.016546 -0.003618 -0.395594 0.077278 -0.013138 -0.021594 0.996689
1305031106.675279 0.023198 0.003377 -0.365005 0.077962 -0.013567 -0.017634 0.996708
1305031106.711508 0.018976 0.006370 -0.351910 0.079952 -0.007232 -0.018102 0.996608
1305031106.743341 0.015493 0.004641 -0.339149 0.077415 -0.000946 -0.018218 0.996832
1305031106.775390 0.008799 0.006343 -0.324526 0.076965 0.006248 -0.018079 0.996850
1305031106.811289 0.005815 0.002324 -0.309290 0.075527 0.010642 -0.017217 0.996938
1305031106.843416 0.003660 0.009391 -0.297151 0.077510 0.014988 -0.017207 0.996730
1305031106.875905 -0.004292 0.005294 -0.282070 0.070869 0.019940 -0.015714 0.997162
1305031106.911243 -0.003262 0.000849 -0.262301 0.066609 0.019220 -0.010724 0.997536
1305031106.943439 -0.002383 0.002113 -0.249558 0.064598 0.018508 -0.006789 0.997717
1305031106.975547 -0.003697 0.002499 -0.235450 0.058873 0.017483 -0.004834 0.998101
1305031107.011576 0.003606 -0.005133 -0.211594 0.050766 0.012472 0.001266 0.998632
1305031107.043281 0.004957 -0.001954 -0.198929 0.051834 0.010098 0.001267 0.998604
1305031107.075432 0.005898 0.000343 -0.181593 0.047169 0.009482 0.002114 0.998840
1305031107.111229 0.006826 -0.001984 -0.164849 0.042194 0.009715 0.003149 0.999057
1305031107.143260 0.005238 -0.003540 -0.149923 0.040095 0.009298 0.004414 0.999143
1305031107.175399 0.005142 0.000319 -0.138602 0.038574 0.007744 0.004673 0.999215
1305031107.211358 0.001666 0.001626 -0.128122 0.032381 0.006942 0.005721 0.999435
1305031107.243378 0.004219 -0.000865 -0.108160 0.025649 0.002289 0.007346 0.999641
1305031107.275398 0.001756 -0.000191 -0.098430 0.019948 -0.000365 0.007118 0.999776
1305031107.311226 -0.000668 0.005951 -0.084810 0.014985 -0.003652 0.007301 0.999854
1305031107.343509 0.000149 0.004573 -0.076019 0.002588 -0.008115 0.007486 0.999936
1305031107.375413 0.000332 -0.001401 -0.063637 -0.008087 -0.013597 0.008214 0.999841
1305031107.411271 -0.004396 -0.003863 -0.057547 -0.015172 -0.016997 0.007808 0.999710
1305031107.443419 -0.002307 -0.005651 -0.052756 -0.020854 -0.022672 0.009611 0.999479
1305031107.475377 -0.002442 -0.006841 -0.048579 -0.024564 -0.028062 0.009342 0.999261
1305031107.511352 0.005095 -0.008210 -0.042814 -0.025892 -0.035259 0.010328 0.998989
1305031107.543605 0.002253 -0.006944 -0.043568 -0.022837 -0.037540 0.008376 0.998999
1305031107.575454 -0.000857 -0.004681 -0.045138 -0.022286 -0.039003 0.004850 0.998979
1305031107.611271 0.000786 -0.009942 -0.043308 -0.024008 -0.041536 0.004454 0.998839
1305031107.643323 -0.001127 -0.008227 -0.044853 -0.019598 -0.042496 0.003141 0.998899
1305031107.675568 -0.000273 -0.010079 -0.046544 -0.019228 -0.043219 0.002853 0.998877
1305031107.711307 0.000338 -0.011265 -0.046187 -0.017711 -0.043259 0.001414 0.998906
1305031107.743538 0.000944 -0.012937 -0.045870 -0.014492 -0.041959 0.000824 0.999014
1305031107.775802 -0.000927 -0.015168 -0.051035 -0.012554 -0.038272 0.001946 0.999187
1305031107.811596 0.001916 -0.016908 -0.049944 -0.011094 -0.037927 0.003414 0.999213
1305031107.843332 -0.000468 -0.018407 -0.055427 -0.008575 -0.036432 0.002682 0.999296
1305031107.875358 0.004219 -0.000865 -0.108160 0.025649 0.002289 0.007346 0.999641
1305031107.911541 0.000000 0.000000 0.000000 0.000000 0.000000 0.000000 1.000000
1305031107.943122 -0.004075 0.001127 -0.004470 -0.001680 -0.003462 0.000749 0.999992
1305031107.975807 -0.011131 0.002055 -0.006642 -0.003796 -0.007611 0.000328 0.999964
1305031108.011320 -0.019801 -0.000529 -0.010911 -0.008361 -0.012030 0.002667 0.999889
1305031108.043418 -0.021905 -0.001856 -0.016335 -0.010621 -0.021825 0.001098 0.999705
1305031108.075352 -0.036551 0.001577 -0.018305 -0.010319 -0.029655 -0.004979 0.999495
1305031108.111378 -0.046996 -0.003155 -0.026241 -0.014253 -0.033977 -0.005404 0.999306
1305031108.143334 -0.065028 -0.003921 -0.026690 -0.016360 -0.035733 -0.004526 0.999217
1305031108.176058 -0.073446 -0.009084 -0.029762 -0.015615 -0.039745 -0.007649 0.999059
1305031108.211475 -0.077825 -0.007454 -0.038835 -0.009994 -0.042934 -0.007400 0.999001
1305031108.243347 -0.080510 -0.003807 -0.055145 -0.008083 -0.048439 -0.004810 0.998782
1305031108.275358 -0.091877 -0.011034 -0.061031 -0.010759 -0.051404 -0.001661 0.998619
1305031108.311332 -0.112482 -0.006436 -0.046321 -0.004045 -0.050780 -0.005527 0.998686
1305031108.343278 -0.115948 -0.005466 -0.050769 0.002360 -0.051809 -0.007278 0.998628
1305031108.375410 -0.108565 -0.004292 -0.055752 0.008158 -0.055566 -0.011700 0.998353
1305031108.411361 -0.143487 0.001054 -0.056410 0.014086 -0.043495 -0.017946 0.998793
1305031108.443610 -0.158347 0.006128 -0.055019 0.019709 -0.042050 -0.023572 0.998643
1305031108.475471 -0.181178 0.014808 -0.055313 0.024439 -0.037411 -0.030745 0.998528
1305031108.511378 -0.194684 0.018641 -0.065957 0.024238 -0.040672 -0.036044 0.998228
1305031108.543737 -0.206410 0.022714 -0.071820 0.021139 -0.047880 -0.034414 0.998036
1305031108.575414 -0.216653 0.013568 -0.074796 0.015462 -0.053288 -0.032410 0.997933
1305031108.611407 -0.225545 0.014194 -0.086073 0.016146 -0.059908 -0.032488 0.997544
1305031108.643303 -0.234757 0.011851 -0.091689 0.015700 -0.066052 -0.033024 0.997146
1305031108.675375 -0.262531 0.001902 -0.097369 0.014228 -0.066365 -0.040645 0.996866
1305031108.711411 -0.265130 0.008429 -0.103076 0.019652 -0.075606 -0.045109 0.995923
1305031108.743502 -0.269481 0.010964 -0.112287 0.021258 -0.081236 -0.046598 0.995378
1305031108.775493 -0.273756 0.010454 -0.120738 0.022434 -0.086264 -0.046504 0.994933
1305031108.811244 -0.277009 0.016572 -0.117392 0.024534 -0.089212 -0.052896 0.994304
1305031108.843264 -0.268454 0.026170 -0.118116 0.026292 -0.092444 -0.057275 0.993722
1305031108.876515 -0.271887 0.028215 -0.114936 0.023901 -0.089582 -0.063493 0.993666
1305031108.911364 -0.275710 0.034896 -0.120563 0.021198 -0.085858 -0.069288 0.993669
1305031108.943243 -0.270965 0.036078 -0.110147 0.016362 -0.083049 -0.070975 0.993880
1305031108.975268 -0.270093 0.028552 -0.104197 0.011068 -0.077473 -0.068763 0.994559
1305031109.011269 -0.269597 0.026418 -0.096015 0.011620 -0.073009 -0.066777 0.995025
1305031109.043277 -0.264988 0.026379 -0.093408 0.010855 -0.071685 -0.064894 0.995255
1305031109.075410 -0.256036 0.016819 -0.083751 0.010938 -0.069227 -0.059432 0.995769
1305031109.111282 -0.252285 0.017495 -0.083147 0.015049 -0.066665 -0.057292 0.996016
1305031109.143334 -0.239861 0.019038 -0.080871 0.016251 -0.064724 -0.055537 0.996224
1305031109.175464 -0.232324 0.011774 -0.075968 0.014670 -0.057570 -0.051983 0.996879
1305031109.211379 -0.233865 -0.001367 -0.070758 0.014834 -0.048718 -0.056981 0.997076
1305031109.243290 -0.223801 0.006253 -0.067977 0.025580 -0.045254 -0.061176 0.996772
1305031109.275308 -0.206024 0.020744 -0.059241 0.031784 -0.042907 -0.065650 0.996413
1305031109.311329 -0.177783 0.016599 -0.056643 0.029469 -0.039193 -0.065044 0.996677
1305031109.343248 -0.169880 0.007826 -0.051602 0.029607 -0.027767 -0.066073 0.996989
1305031109.375397 -0.158865 0.009451 -0.049078 0.032751 -0.019011 -0.065654 0.997124
1305031109.411329 -0.147718 0.005634 -0.044681 0.032505 -0.010922 -0.063341 0.997403
1305031109.443302 -0.135127 -0.000162 -0.047067 0.034636 -0.005746 -0.055916 0.997818
1305031109.475363 -0.126983 0.002366 -0.045153 0.038530 -0.001699 -0.052950 0.997852
1305031109.511273 -0.115824 -0.001237 -0.045411 0.036808 0.001954 -0.049194 0.998109
1305031109.543294 -0.103626 -0.004566 -0.047365 0.033367 0.004004 -0.047246 0.998318
1305031109.575362 -0.082478 -0.004475 -0.038421 0.033919 0.000809 -0.046538 0.998340
1305031109.611310 -0.071963 -0.004375 -0.034933 0.034573 0.003384 -0.044151 0.998421
1305031109.643229 -0.062346 -0.006038 -0.034592 0.034921 0.005621 -0.043104 0.998444
1305031109.675263 -0.046654 -0.008548 -0.033000 0.037232 0.005401 -0.046599 0.998205
1305031109.711312 -0.036176 -0.011846 -0.032813 0.039270 0.009574 -0.045742 0.998135
1305031109.743274 -0.023863 -0.012984 -0.034746 0.043591 0.013281 -0.044941 0.997950
1305031109.775277 -0.014764 -0.005857 -0.032141 0.049327 0.015628 -0.045614 0.997618
1305031109.811371 -0.005503 -0.005972 -0.029405 0.052497 0.018063 -0.046608 0.997369
1305031109.843296 -0.003146 -0.000181 -0.031594 0.058642 0.024845 -0.048113 0.996809
1305031109.875306 0.029293 -0.008472 -0.033645 0.058854 0.021919 -0.042564 0.997118
1305031109.911265 0.044482 -0.005225 -0.038697 0.060466 0.027227 -0.037026 0.997112
1305031109.943299 0.050644 -0.011907 -0.042862 0.060246 0.033362 -0.034041 0.997045
1305031109.975258 0.059601 -0.007472 -0.048637 0.066071 0.037434 -0.030831 0.996636
1305031110.011256 0.080368 -0.009710 -0.052662 0.066648 0.037380 -0.022463 0.996823
1305031110.043299 0.090059 -0.007426 -0.057323 0.069106 0.039805 -0.015461 0.996695
1305031110.075319 0.104590 -0.007296 -0.058333 0.071164 0.039634 -0.010570 0.996621
1305031110.111325 0.118987 -0.000270 -0.059496 0.077572 0.041052 -0.005823 0.996124
1305031110.143432 0.128460 0.014274 -0.062453 0.082935 0.045622 -0.002790 0.995506
1305031110.175641 0.139710 0.006911 -0.065732 0.082128 0.049217 -0.001865 0.995404
1305031110.211637 0.150336 0.013875 -0.069047 0.087528 0.052706 -0.000375 0.994767
1305031110.243323 0.159349 0.019726 -0.071923 0.089366 0.057537 -0.000636 0.994335
1305031110.279321 0.166933 0.018694 -0.079031 0.086721 0.062150 -0.000239 0.994292
1305031110.311404 0.182242 0.016300 -0.079913 0.082983 0.064024 0.001069 0.994492
1305031110.343355 0.192731 0.014224 -0.081692 0.080838 0.068740 0.002666 0.994351
1305031110.379281 0.203134 0.013411 -0.090502 0.078833 0.074733 0.005579 0.994067
1305031110.411469 0.217569 0.006366 -0.095720 0.075714 0.080165 0.007988 0.993870
1305031110.443260 0.219301 0.006374 -0.099862 0.079230 0.089090 0.011413 0.992802
1305031110.479331 0.229923 0.014672 -0.108949 0.082519 0.095927 0.017176 0.991813
1305031110.511429 0.241071 0.016192 -0.113373 0.082320 0.103408 0.020715 0.991010
1305031110.543408 0.250592 0.010627 -0.121852 0.081157 0.110008 0.023748 0.990327
1305031110.579426 0.255348 0.007872 -0.130577 0.083531 0.117584 0.027698 0.989156
1305031110.611307 0.254416 0.020180 -0.140024 0.089733 0.124518 0.031704 0.987643
1305031110.643418 0.262227 0.026056 -0.142482 0.088955 0.126648 0.035162 0.987325
1305031110.679606 0.268988 0.017360 -0.145317 0.085928 0.129432 0.036730 0.987175
1305031110.711412 0.270993 0.020696 -0.151221 0.089392 0.132563 0.038260 0.986394
1305031110.743249 0.274445 0.022597 -0.154684 0.089390 0.134578 0.039642 0.986066
1305031110.779193 0.277992 0.022383 -0.156766 0.089083 0.136216 0.040704 0.985826
1305031110.811386 0.281528 0.023283 -0.155579 0.089851 0.136627 0.041774 0.985655
1305031110.843218 0.284301 0.026677 -0.158471 0.091691 0.138238 0.043729 0.985175
1305031110.879313 0.278340 0.023571 -0.163511 0.090384 0.142076 0.043577 0.984757
1305031110.911333 0.279974 0.027111 -0.160193 0.092502 0.142576 0.043933 0.984472
1305031110.943862 0.271039 0.026480 -0.161180 0.092305 0.146729 0.044447 0.983857
1305031110.979345 0.264115 0.022178 -0.159693 0.091584 0.146580 0.044790 0.983931
1305031111.011431 0.264115 0.022178 -0.159693 0.091584 0.146580 0.044790 0.983931
1305031111.043327 0.000000 0.000000 0.000000 0.000000 0.000000 0.000000 1.000000
1305031111.079283 -0.002731 -0.002993 0.001263 0.001580 -0.004197 -0.002174 0.999988
1305031111.111508 -0.012514 0.000467 0.001914 0.004116 -0.005670 -0.006243 0.999956
1305031111.143257 -0.022794 0.002610 0.003421 0.003317 -0.007817 -0.006829 0.999941
1305031111.179326 -0.036522 -0.000616 0.005514 0.000509 -0.010878 -0.006489 0.999920
1305031111.211433 -0.047987 -0.000573 0.008368 -0.000672 -0.018799 -0.010704 0.999766
1305031111.243236 -0.047298 0.002584 0.011810 0.000268 -0.025404 -0.010556 0.999621
1305031111.279308 -0.071345 0.004167 0.009424 -0.004028 -0.022596 -0.012343 0.999660
1305031111.311547 -0.068161 -0.006391 0.012517 -0.010745 -0.032998 -0.015133 0.999283
1305031111.343397 -0.071099 -0.008191 0.013037 -0.007419 -0.032213 -0.014966 0.999341
1305031111.379134 -0.097055 0.004616 0.013495 -0.004492 -0.024486 -0.018646 0.999516
1305031111.411296 -0.100002 -0.003747 0.017734 -0.011786 -0.027023 -0.018287 0.999398
1305031111.443386 -0.100002 -0.003747 0.017734 -0.011786 -0.027023 -0.018287 0.999398
1305031111.479259 0.000000 0.000000 0.000000 0.000000 0.000000 0.000000 1.000000
1305031111.511264 -0.006337 0.000302 0.006412 -0.003182 -0.013483 -0.000965 0.999904
1305031111.543250 -0.015994 0.000319 0.007126 -0.007142 -0.022062 -0.001417 0.999730
1305031111.579237 -0.025507 -0.004507 0.011484 -0.012089 -0.033012 -0.007347 0.999355
1305031111.611271 -0.025836 -0.001554 0.018705 -0.010246 -0.041175 -0.014831 0.998989
1305031111.643395 -0.054899 0.006143 0.011984 -0.012272 -0.034212 -0.021379 0.999111
1305031111.679320 -0.068422 -0.006103 0.011484 -0.022162 -0.042444 -0.028771 0.998439
1305031111.711760 -0.085460 -0.004844 0.010716 -0.021981 -0.049275 -0.030353 0.998082
1305031111.743386 -0.120471 -0.002612 0.001463 -0.026119 -0.052780 -0.034367 0.997673
1305031111.779423 -0.131045 -0.003456 0.002276 -0.029114 -0.071220 -0.037045 0.996347
1305031111.811406 -0.135950 0.000699 -0.005123 -0.029412 -0.087968 -0.039306 0.994913
1305031111.843299 -0.139468 -0.014766 -0.012247 -0.038772 -0.100584 -0.043544 0.993219
1305031111.879442 -0.144924 -0.017224 -0.016697 -0.039612 -0.109297 -0.047934 0.992062
1305031111.911354 -0.148775 -0.014304 -0.020452 -0.040807 -0.111429 -0.052598 0.991540
1305031111.943300 -0.165715 -0.005393 -0.013515 -0.041089 -0.105251 -0.061912 0.991666
1305031111.979449 -0.181702 -0.007737 -0.020906 -0.044849 -0.105649 -0.067680 0.991083
1305031112.011433 -0.198034 0.000411 -0.015855 -0.043262 -0.112296 -0.069089 0.990325
1305031112.043270 -0.202118 -0.008521 -0.028511 -0.049859 -0.123467 -0.065890 0.988903
1305031112.079339 -0.227830 0.006370 -0.014071 -0.045352 -0.131586 -0.068644 0.987885
1305031112.111423 -0.220837 0.003030 -0.018558 -0.047290 -0.147527 -0.063520 0.985883
1305031112.144342 -0.237666 -0.002815 -0.022397 -0.048019 -0.151941 -0.058508 0.985487
1305031112.179390 -0.232370 -0.008093 -0.036489 -0.045785 -0.172261 -0.055684 0.982410
1305031112.211254 -0.263447 -0.001703 -0.041564 -0.042739 -0.173410 -0.050466 0.982627
1305031112.243369 -0.266935 -0.003028 -0.052637 -0.047907 -0.185945 -0.047869 0.980223
1305031112.279353 -0.279438 -0.009866 -0.058290 -0.054462 -0.192392 -0.043911 0.978821
1305031112.311312 -0.294306 -0.007339 -0.059292 -0.059543 -0.192810 -0.042221 0.978517
1305031112.343323 -0.299692 -0.005397 -0.064196 -0.065447 -0.195528 -0.042511 0.977588
1305031112.379360 -0.316963 -0.007682 -0.061670 -0.072270 -0.191639 -0.046404 0.977700
1305031112.411442 -0.331840 -0.006001 -0.058555 -0.075346 -0.188123 -0.049941 0.977977
1305031112.443391 -0.349459 0.001606 -0.055629 -0.077559 -0.184700 -0.055602 0.978151
1305031112.479418 -0.364711 0.000470 -0.054165 -0.085028 -0.180575 -0.065506 0.977687
1305031112.511504 -0.370572 0.008333 -0.053114 -0.087146 -0.177655 -0.072442 0.977546
1305031112.543212 -0.379130 0.011532 -0.053482 -0.089806 -0.174752 -0.074829 0.977649
1305031112.579252 -0.392073 0.015390 -0.049431 -0.093501 -0.169760 -0.080923 0.977697
1305031112.611261 -0.405334 0.017229 -0.053134 -0.093616 -0.168696 -0.083596 0.977645
1305031112.643246 -0.413012 0.023174 -0.058625 -0.091853 -0.173336 -0.092654 0.976183
1305031112.679952 -0.411999 0.027522 -0.067643 -0.089485 -0.180444 -0.097149 0.974677
1305031112.711251 -0.414295 0.028568 -0.070698 -0.087624 -0.184464 -0.099295 0.973877
1305031112.743245 -0.417696 0.022816 -0.071347 -0.085303 -0.187128 -0.103014 0.973188
1305031112.779310 -0.415093 0.031269 -0.079280 -0.076721 -0.190491 -0.108028 0.972706
1305031112.811310 -0.411535 0.036017 -0.090312 -0.075370 -0.190527 -0.109779 0.972609
1305031112.843286 -0.408999 0.033873 -0.082373 -0.074775 -0.184826 -0.110498 0.973673
1305031112.879421 -0.405373 0.034704 -0.070354 -0.067678 -0.182415 -0.109071 0.974807
1305031112.911411 -0.397818 0.036516 -0.066330 -0.064698 -0.179817 -0.111117 0.975261
1305031112.943321 -0.397490 0.038950 -0.071043 -0.065088 -0.172434 -0.112954 0.976356
1305031112.979278 -0.394877 0.035704 -0.048550 -0.061682 -0.166468 -0.107070 0.978274
1305031113.011353 -0.385412 0.030909 -0.051492 -0.062412 -0.164130 -0.107986 0.978522
1305031113.043231 -0.374416 0.030895 -0.049810 -0.057027 -0.163382 -0.106194 0.979172
1305031113.079251 -0.366949 0.032050 -0.052281 -0.055899 -0.160654 -0.102785 0.980051
1305031113.111316 -0.360507 0.024894 -0.043163 -0.058578 -0.155041 -0.095966 0.981489
1305031113.143306 -0.355591 0.014457 -0.038205 -0.059515 -0.151181 -0.094844 0.982144
1305031113.179343 -0.339032 0.021851 -0.036155 -0.055168 -0.150407 -0.097353 0.982271
1305031113.211259 -0.318341 0.025323 -0.028083 -0.055215 -0.148106 -0.097880 0.982566
1305031113.243227 -0.329052 0.031394 -0.019516 -0.051224 -0.130759 -0.098408 0.985187
1305031113.279312 -0.314580 0.033174 -0.013838 -0.050045 -0.125652 -0.100854 0.985665
1305031113.311452 -0.295396 0.040370 -0.006545 -0.054204 -0.120058 -0.103395 0.985879
1305031113.343252 -0.276678 0.033022 0.002595 -0.060619 -0.111896 -0.100567 0.986758
1305031113.379312 -0.268797 0.035482 0.003230 -0.055709 -0.099863 -0.097696 0.988625
1305031113.411625 -0.253817 0.041720 0.007511 -0.055343 -0.092101 -0.098838 0.989285
1305031113.443266 -0.249482 0.034291 0.016915 -0.058608 -0.081462 -0.091665 0.990720
1305031113.479311 -0.223574 0.036292 0.021373 -0.052230 -0.078154 -0.086925 0.991770
1305031113.511523 -0.214466 0.023311 0.008333 -0.053915 -0.069198 -0.083371 0.992650
1305031113.543242 -0.209525 0.023592 0.009728 -0.052341 -0.058884 -0.081751 0.993534
1305031113.579301 -0.195043 0.020655 0.011161 -0.052333 -0.053970 -0.076940 0.994198
1305031113.611268 -0.170003 0.011860 0.005336 -0.051765 -0.054764 -0.069685 0.994719
1305031113.643222 -0.165628 0.015030 0.008083 -0.047442 -0.051345 -0.066466 0.995337
1305031113.679288 -0.160229 0.018871 0.006069 -0.044398 -0.048464 -0.065301 0.995699
1305031113.711931 -0.138140 0.013598 0.004423 -0.045611 -0.052434 -0.058972 0.995838
1305031113.743590 -0.128141 0.011059 0.001761 -0.046338 -0.054007 -0.054345 0.995983
1305031113.779320 -0.112133 0.010026 -0.002031 -0.047180 -0.057349 -0.049725 0.995998
1305031113.811237 -0.103788 0.011633 0.002405 -0.047408 -0.057199 -0.047783 0.996091
1305031113.843295 -0.085347 0.009399 0.003396 -0.046610 -0.061844 -0.044103 0.996021
1305031113.879281 -0.070332 0.015761 -0.004152 -0.045972 -0.061785 -0.040523 0.996206
1305031113.911290 -0.058261 0.011900 -0.002194 -0.050309 -0.060512 -0.039307 0.996124
1305031113.943291 -0.048936 0.012406 -0.005022 -0.052348 -0.061287 -0.037995 0.996022
1305031113.979293 -0.032028 0.011788 -0.005556 -0.055558 -0.064829 -0.032877 0.995806
1305031114.011257 -0.012500 0.007280 -0.005820 -0.060116 -0.068116 -0.027263 0.995491
1305031114.043301 0.001419 0.015315 -0.000220 -0.058750 -0.065603 -0.025197 0.995796
1305031114.079285 0.019685 0.017438 -0.000390 -0.061091 -0.061672 -0.024053 0.995935
1305031114.111263 0.047577 -0.005773 -0.015731 -0.071967 -0.060454 -0.019801 0.995376
1305031114.143284 0.058909 -0.004723 -0.018827 -0.071967 -0.054949 -0.016639 0.995753
1305031114.179337 0.066675 -0.000939 -0.025765 -0.073910 -0.051114 -0.014279 0.995852
1305031114.211303 0.085940 -0.012163 -0.023332 -0.079329 -0.053465 -0.011573 0.995346
1305031114.243337 0.107183 -0.009999 -0.028107 -0.076951 -0.053500 -0.008334 0.995564
1305031114.279390 0.127452 -0.008412 -0.031450 -0.077444 -0.049887 -0.005684 0.995732
1305031114.311429 0.127168 -0.005956 -0.031523 -0.075584 -0.037930 -0.004892 0.996406
1305031114.343331 0.126372 0.001368 -0.031793 -0.072433 -0.028951 -0.002299 0.996950
1305031114.379320 0.142669 -0.009277 -0.051859 -0.077658 -0.028693 0.002548 0.996564
1305031114.411397 0.159916 -0.006400 -0.052799 -0.078388 -0.029504 0.007531 0.996458
1305031114.443345 0.171254 -0.008364 -0.058877 -0.079511 -0.025533 0.008718 0.996469
1305031114.479332 0.180685 -0.006231 -0.070172 -0.079596 -0.018398 0.009829 0.996609
1305031114.511266 0.184554 -0.008957 -0.074060 -0.080611 -0.008916 0.012670 0.996625
1305031114.543236 0.182628 -0.007029 -0.079288 -0.077502 -0.002048 0.011874 0.996919
1305031114.579237 0.187296 -0.006152 -0.083344 -0.076204 -0.000884 0.008243 0.997058
1305031114.611391 0.194876 -0.011665 -0.085389 -0.075897 -0.000603 0.005889 0.997098
1305031114.644136 0.200060 -0.005955 -0.090540 -0.069704 0.002226 0.004669 0.997554
1305031114.679251 0.201207 0.002268 -0.092352 -0.065096 0.009138 0.006170 0.997818
1305031114.711306 0.201845 0.000062 -0.101022 -0.065938 0.014147 0.005312 0.997709
1305031114.743200 0.201845 0.000062 -0.101022 -0.065938 0.014147 0.005312 0.997709
1305031114.779289 0.000000 0.000000 0.000000 0.000000 0.000000 0.000000 1.000000
1305031114.811303 -0.000582 -0.002414 0.001914 -0.000519 -0.000004 0.000553 1.000000
1305031114.843208 -0.002256 -0.002378 0.002597 -0.000186 0.000860 0.002867 0.999996
1305031114.879281 -0.006797 -0.006958 0.003573 -0.000842 0.001829 0.002955 0.999994
1305031114.912879 -0.009863 -0.009110 0.003260 -0.000103 0.002129 0.002803 0.999994
1305031114.943234 -0.019422 -0.014318 0.004322 0.001522 0.003720 0.004131 0.999983
1305031114.979280 -0.024685 -0.015863 0.005433 0.004060 0.001358 0.004421 0.999981
1305031115.011300 -0.034850 -0.023689 0.002607 0.006326 0.001583 0.004794 0.999967
1305031115.043508 -0.045690 -0.020784 0.001718 0.011971 0.000197 0.005450 0.999913
1305031115.079238 -0.053075 -0.025039 0.002662 0.012947 -0.003479 0.005443 0.999895
1305031115.111230 -0.072473 -0.026779 0.002920 0.016773 -0.005052 0.003292 0.999841
1305031115.143275 -0.085197 -0.023654 0.001555 0.019899 -0.013374 0.001492 0.999711
1305031115.179440 -0.087441 -0.025908 0.000201 0.021579 -0.020297 0.001408 0.999560
1305031115.211374 -0.103293 -0.023933 -0.010217 0.022274 -0.022971 -0.001393 0.999487
1305031115.243297 -0.108024 -0.023878 -0.014216 0.017625 -0.032718 -0.003615 0.999303
1305031115.279966 -0.112281 -0.034136 -0.018240 0.014096 -0.039159 -0.004783 0.999122
1305031115.311704 -0.122052 -0.037119 -0.053621 0.011480 -0.047131 -0.010282 0.998770
1305031115.343235 -0.122293 -0.041973 -0.056797 0.006856 -0.061699 -0.012170 0.997997
1305031115.379166 -0.135294 -0.032894 -0.009033 0.014605 -0.066784 -0.018420 0.997490
1305031115.411237 -0.146768 -0.029453 -0.013136 0.021169 -0.061474 -0.021314 0.997657
1305031115.443159 -0.160724 -0.031799 -0.019802 0.022710 -0.062095 -0.027005 0.997446
1305031115.479241 -0.194133 -0.030314 -0.018523 0.026245 -0.053756 -0.033435 0.997649
1305031115.511253 -0.182061 -0.031820 -0.016768 0.026866 -0.071759 -0.036803 0.996381
1305031115.543604 -0.197322 -0.030247 -0.023909 0.025923 -0.086668 -0.042660 0.994986
1305031115.579315 -0.204828 -0.028383 -0.022912 0.025044 -0.101856 -0.048202 0.993315
1305031115.611424 -0.225823 -0.027752 -0.027032 0.022827 -0.106206 -0.053134 0.992661
1305031115.643254 -0.238274 -0.020411 -0.028598 0.021950 -0.114622 -0.059930 0.991357
1305031115.679241 -0.244990 -0.011970 -0.022233 0.020497 -0.120943 -0.070928 0.989910
1305031115.711320 -0.266641 -0.013160 -0.026193 0.016557 -0.118639 -0.077646 0.989758
1305031115.743250 -0.288259 -0.010360 -0.035699 0.014858 -0.123479 -0.083283 0.988735
1305031115.779425 -0.301756 -0.010045 -0.041447 0.010288 -0.133182 -0.090047 0.986939
1305031115.811277 -0.324203 -0.006645 -0.044540 0.008363 -0.139453 -0.098170 0.985315
1305031115.843224 -0.329595 0.000711 -0.047538 0.011182 -0.153373 -0.105113 0.982498
1305031115.879198 -0.333882 0.002533 -0.067320 0.007688 -0.161665 -0.108534 0.980829
1305031115.911118 -0.340914 -0.002244 -0.073795 0.001559 -0.167961 -0.112503 0.979352
1305031115.943311 -0.356048 0.002500 -0.080284 0.001357 -0.173264 -0.118971 0.977662
1305031115.980740 -0.364375 0.001282 -0.089039 -0.000094 -0.180484 -0.123652 0.975774
1305031116.011379 -0.376903 -0.010115 -0.115532 -0.003820 -0.188281 -0.123989 0.974250
1305031116.043164 -0.379410 -0.011130 -0.131931 -0.001974 -0.203332 -0.125994 0.970967
1305031116.080030 -0.371443 -0.012928 -0.147511 0.001012 -0.219734 -0.130527 0.966788
1305031116.111300 -0.380822 -0.005419 -0.157451 0.007941 -0.228110 -0.135147 0.964177
1305031116.143441 -0.359853 -0.012558 -0.179078 0.007647 -0.247840 -0.138789 0.958778
1305031116.179572 -0.359544 -0.014457 -0.189400 0.007452 -0.255966 -0.141933 0.956180
1305031116.211299 -0.358442 -0.004954 -0.201411 0.013536 -0.263863 -0.146522 0.953270
1305031116.243320 -0.365133 0.005886 -0.206610 0.017888 -0.269550 -0.149805 0.951095
1305031116.279385 -0.355590 -0.004122 -0.217712 0.011202 -0.283430 -0.154604 0.946382
1305031116.311336 -0.378262 0.002933 -0.218695 0.014866 -0.285228 -0.157146 0.945372
1305031116.343292 -0.371246 0.010896 -0.235150 0.017295 -0.295322 -0.160564 0.941650
1305031116.379384 -0.377132 -0.031479 -0.228542 -0.005791 -0.299083 -0.158190 0.941006
1305031116.411333 -0.380988 -0.023938 -0.222483 -0.006452 -0.300475 -0.160132 0.940229
1305031116.443369 -0.383469 -0.015730 -0.222667 -0.006123 -0.301372 -0.171072 0.938015
1305031116.479850 -0.379255 -0.016137 -0.224560 -0.008858 -0.303519 -0.175079 0.936560
1305031116.511205 -0.378516 -0.016734 -0.217857 -0.008988 -0.303024 -0.172110 0.937269
1305031116.543262 -0.373895 -0.028178 -0.215806 -0.012447 -0.303551 -0.165906 0.938178
1305031116.579313 -0.366330 -0.012783 -0.220961 -0.005432 -0.301794 -0.165575 0.938869
1305031116.611261 -0.362882 -0.021724 -0.227558 -0.008843 -0.297704 -0.161697 0.940823
1305031116.643355 -0.415935 -0.030027 -0.176931 -0.006093 -0.267833 -0.146972 0.952170
1305031116.679281 -0.375738 -0.098459 -0.173359 -0.024549 -0.274177 -0.129915 0.952547
1305031116.711634 -0.364185 -0.106325 -0.163475 -0.022744 -0.270047 -0.120107 0.955056
1305031116.743291 -0.351266 -0.112906 -0.155071 -0.017772 -0.264989 -0.109485 0.957851
1305031116.779298 -0.342283 -0.126632 -0.147004 -0.016248 -0.259093 -0.099163 0.960611
1305031116.811318 -0.333008 -0.136297 -0.140473 -0.016519 -0.253173 -0.090828 0.963006
1305031116.846089 -0.314748 -0.129868 -0.127068 -0.011300 -0.246176 -0.083599 0.965547
1305031116.880165 -0.299714 -0.137955 -0.117013 -0.009864 -0.235570 -0.075442 0.968875
1305031116.912044 -0.287449 -0.137394 -0.106997 -0.007857 -0.223543 -0.071413 0.972043
1305031116.943296 -0.279172 -0.142514 -0.090291 -0.006252 -0.207924 -0.066300 0.975875
1305031116.979351 -0.252435 -0.153135 -0.088298 -0.006832 -0.198965 -0.053098 0.978543
1305031117.011382 -0.239404 -0.158068 -0.079829 -0.006437 -0.186082 -0.041471 0.981638
1305031117.043261 -0.233730 -0.163175 -0.066659 -0.005756 -0.172069 -0.037485 0.984355
1305031117.079520 -0.223278 -0.175121 -0.074539 -0.007333 -0.160667 -0.031788 0.986469
1305031117.111238 -0.192318 -0.183125 -0.066288 -0.006915 -0.156126 -0.028008 0.987316
1305031117.143218 -0.192447 -0.184350 -0.060004 -0.004217 -0.141684 -0.027226 0.989529
1305031117.179264 -0.188030 -0.185559 -0.057723 -0.000411 -0.130417 -0.023385 0.991183
1305031117.211361 -0.178853 -0.189615 -0.062675 0.001098 -0.124280 -0.018579 0.992073
1305031117.243277 -0.175716 -0.195311 -0.065723 0.003154 -0.121120 -0.016378 0.992498
1305031117.279299 -0.174308 -0.195617 -0.073000 0.008205 -0.120560 -0.012897 0.992588
1305031117.311200 -0.174160 -0.190851 -0.078977 0.012957 -0.120673 -0.013005 0.992523
1305031117.343243 -0.173226 -0.185694 -0.080362 0.015825 -0.119849 -0.012668 0.992585
1305031117.379454 -0.169674 -0.183270 -0.078392 0.014985 -0.120795 -0.011621 0.992496
1305031117.411221 -0.170507 -0.176882 -0.075912 0.014109 -0.118768 -0.013875 0.992725
1305031117.443274 -0.168328 -0.174669 -0.073189 0.010956 -0.118225 -0.013111 0.992840
1305031117.479403 -0.167105 -0.163932 -0.068459 0.011234 -0.118110 -0.014014 0.992838
1305031117.511325 -0.170381 -0.154405 -0.068593 0.008772 -0.115173 -0.016350 0.993172
1305031117.544285 -0.167855 -0.155926 -0.064984 0.001316 -0.115419 -0.014363 0.993212
1305031117.579155 -0.167855 -0.155926 -0.064984 0.001316 -0.115419 -0.014363 0.993212
1305031117.611159 0.000000 0.000000 0.000000 0.000000 0.000000 0.000000 1.000000
1305031117.643252 0.000376 0.009361 -0.001152 -0.001148 0.002137 -0.001159 0.999996
1305031117.679262 0.001535 0.014219 -0.002595 -0.002179 0.004461 -0.001534 0.999986
1305031117.711184 -0.001110 0.023524 -0.006791 -0.001470 0.008360 -0.003663 0.999957
1305031117.743184 -0.001186 0.033437 -0.009206 -0.001526 0.010751 -0.006793 0.999918
1305031117.779467 -0.002447 0.040370 -0.011836 -0.002276 0.013924 -0.009121 0.999859
1305031117.811320 -0.005627 0.052877 -0.017365 -0.000755 0.017417 -0.011378 0.999783
1305031117.843291 -0.011203 0.062362 -0.022472 -0.003277 0.019073 -0.011674 0.999745
1305031117.879451 -0.011633 0.068917 -0.026050 -0.005276 0.016273 -0.012754 0.999772
1305031117.911407 -0.008538 0.085435 -0.027038 -0.003715 0.013156 -0.012262 0.999831
1305031117.943253 -0.011899 0.088251 -0.032261 -0.006810 0.012749 -0.013238 0.999808
1305031117.979228 -0.005162 0.098725 -0.032126 -0.004766 0.008206 -0.011155 0.999893
1305031118.011228 -0.006620 0.114951 -0.037856 -0.001117 0.008620 -0.010929 0.999903
1305031118.043521 -0.008713 0.124164 -0.043091 -0.002234 0.008251 -0.011136 0.999901
1305031118.079334 -0.010290 0.129751 -0.048231 -0.003555 0.007319 -0.009921 0.999918
1305031118.111217 -0.017361 0.142306 -0.053392 -0.002795 0.005766 -0.009322 0.999936
1305031118.143256 -0.010186 0.161867 -0.052841 -0.000357 -0.001726 -0.006726 0.999976
1305031118.179323 -0.011869 0.181061 -0.052387 0.002581 -0.004600 -0.003750 0.999979
1305031118.211202 -0.006972 0.193753 -0.053773 0.000380 -0.008578 -0.004809 0.999952
1305031118.243173 -0.005002 0.204125 -0.056332 -0.002353 -0.008284 -0.004658 0.999952
1305031118.279194 -0.009352 0.216988 -0.060777 -0.004919 -0.006791 -0.004415 0.999955
1305031118.311299 -0.006689 0.227641 -0.064124 -0.010478 -0.007904 -0.002354 0.999911
1305031118.343324 -0.012524 0.229841 -0.070192 -0.016572 -0.007089 -0.002482 0.999834
1305031118.379208 -0.009716 0.235398 -0.072519 -0.020769 -0.009671 -0.002130 0.999735
1305031118.411296 -0.010872 0.236391 -0.075075 -0.024658 -0.007307 -0.002069 0.999667
1305031118.445692 -0.013441 0.237241 -0.079436 -0.025876 -0.005747 -0.005032 0.999636
1305031118.479285 -0.011769 0.239245 -0.081376 -0.026708 -0.005477 -0.007561 0.999600
1305031118.511255 -0.013765 0.236681 -0.084432 -0.029425 -0.004641 -0.008330 0.999522
1305031118.544414 -0.013267 0.230571 -0.084275 -0.029503 -0.005741 -0.007116 0.999523
1305031118.579285 -0.018176 0.227801 -0.086500 -0.027832 -0.005014 -0.007906 0.999569
1305031118.616142 -0.017662 0.222253 -0.085666 -0.027811 -0.007837 -0.005251 0.999569
1305031118.645325 -0.018296 0.213268 -0.083454 -0.027405 -0.010086 -0.003293 0.999568
1305031118.679295 -0.015667 0.206650 -0.079853 -0.024366 -0.012259 -0.002027 0.999626
1305031118.711421 -0.013933 0.205233 -0.076558 -0.022066 -0.013199 0.001504 0.999668
1305031118.746770 -0.010418 0.192398 -0.077325 -0.025502 -0.011368 0.000725 0.999610
1305031118.779277 -0.010418 0.192398 -0.077325 -0.025502 -0.011368 0.000725 0.999610
1305031118.811221 0.000000 0.000000 0.000000 0.000000 0.000000 0.000000 1.000000
1305031118.846753 -0.004530 -0.010360 0.003202 -0.004058 0.001580 -0.001324 0.999990
1305031118.879208 -0.000794 -0.033437 0.012403 -0.007926 -0.002240 0.000842 0.999966
1305031118.911177 -0.001009 -0.038172 0.015730 -0.003616 -0.003019 0.003416 0.999983
1305031118.946974 0.000314 -0.051176 0.022107 -0.004938 -0.004766 0.005051 0.999964
1305031118.979374 0.004909 -0.069735 0.027446 -0.006113 -0.006950 0.009099 0.999916
1305031119.011363 0.009937 -0.081204 0.032585 -0.002320 -0.007901 0.011308 0.999902
1305031119.047172 0.009840 -0.088930 0.036581 0.000710 -0.006517 0.012038 0.999906
1305031119.079223 0.016277 -0.101487 0.045396 0.000509 -0.006218 0.012274 0.999905
1305031119.111328 0.019565 -0.113509 0.050314 0.000250 -0.003023 0.012166 0.999921
1305031119.147616 0.021892 -0.125694 0.057086 0.000059 -0.000122 0.010686 0.999943
1305031119.179226 0.024677 -0.130911 0.058576 0.001640 0.004059 0.010883 0.999931
1305031119.211364 0.025441 -0.143601 0.065170 -0.001849 0.005927 0.010074 0.999930
1305031119.247399 0.025431 -0.155558 0.070098 -0.002921 0.007563 0.008719 0.999929
1305031119.279212 0.025948 -0.167948 0.072212 -0.004017 0.008928 0.009066 0.999911
1305031119.311212 0.027851 -0.172014 0.078778 -0.001940 0.008469 0.007575 0.999934
1305031119.347741 0.030806 -0.178925 0.086648 -0.001804 0.009143 0.005319 0.999942
1305031119.379239 0.027730 -0.193915 0.086898 -0.003672 0.013228 0.003835 0.999898
1305031119.411484 0.020289 -0.209171 0.083104 -0.004684 0.016199 0.000990 0.999857
1305031119.447706 0.020197 -0.217232 0.085300 -0.003242 0.013751 0.000648 0.999900
1305031119.479267 0.022061 -0.230067 0.089869 -0.005622 0.011176 0.001274 0.999921
1305031119.511240 0.024667 -0.239193 0.092367 -0.003449 0.009441 0.000939 0.999949
1305031119.547382 0.022650 -0.251243 0.092894 -0.002162 0.010375 -0.001560 0.999943
1305031119.579559 0.026343 -0.266801 0.095355 -0.001858 0.007732 -0.000259 0.999968
1305031119.615017 0.027439 -0.272681 0.094294 0.004028 0.005581 -0.000705 0.999976
1305031119.647903 0.029641 -0.287909 0.094238 0.005534 0.004479 -0.001842 0.999973
1305031119.679208 0.026097 -0.303139 0.089054 0.008716 0.004278 -0.000637 0.999953
1305031119.715232 0.022696 -0.307185 0.081877 0.018155 0.000552 -0.004449 0.999825
1305031119.747193 0.029906 -0.317242 0.085735 0.021089 -0.004658 -0.007760 0.999737
1305031119.779169 0.033738 -0.329518 0.083815 0.022689 -0.004444 -0.008491 0.999697
1305031119.814537 0.028305 -0.339307 0.080860 0.024809 -0.001947 -0.012592 0.999611
1305031119.847429 0.024335 -0.348827 0.078271 0.027590 -0.002137 -0.016933 0.999474
1305031119.879214 0.022410 -0.352016 0.076928 0.030522 -0.003296 -0.017879 0.999369
1305031119.911401 0.025472 -0.368041 0.080904 0.027261 -0.006787 -0.018151 0.999440
1305031119.947392 0.027022 -0.377464 0.078130 0.031166 -0.009494 -0.018437 0.999299
1305031119.979537 0.026460 -0.384230 0.077629 0.032983 -0.012157 -0.016318 0.999249
1305031120.015264 0.033063 -0.386663 0.077605 0.041400 -0.018766 -0.015725 0.998843
1305031120.047290 0.029298 -0.384991 0.069663 0.051871 -0.017952 -0.019537 0.998301
1305031120.079418 0.025124 -0.385657 0.065268 0.053608 -0.013939 -0.023089 0.998198
1305031120.115232 0.026621 -0.387885 0.066146 0.055253 -0.012476 -0.024005 0.998106
1305031120.148157 0.020618 -0.378901 0.057573 0.061073 -0.008523 -0.024435 0.997798
1305031120.179246 0.020475 -0.378072 0.059355 0.058461 -0.010548 -0.027862 0.997845
1305031120.215249 0.018942 -0.369954 0.063744 0.055773 -0.009688 -0.027686 0.998013
1305031120.248003 0.022707 -0.373489 0.068133 0.047457 -0.011185 -0.025920 0.998474
1305031120.279430 0.024311 -0.367841 0.071442 0.043543 -0.012810 -0.024779 0.998662
1305031120.315196 0.027109 -0.363498 0.075828 0.039107 -0.014230 -0.022747 0.998875
1305031120.347787 0.025450 -0.355645 0.075458 0.034365 -0.013447 -0.020238 0.999114
1305031120.379437 0.025450 -0.355645 0.075458 0.034365 -0.013447 -0.020238 0.999114
1305031120.415445 0.000000 0.000000 0.000000 0.000000 0.000000 0.000000 1.000000
1305031120.447417 -0.000246 0.009418 0.000201 -0.006250 0.000450 0.000869 0.999980
1305031120.479432 -0.002050 0.019851 -0.005324 -0.009748 0.001950 0.000048 0.999951
1305031120.514819 -0.003279 0.032017 -0.008877 -0.015723 0.004733 -0.002429 0.999862
1305031120.547736 -0.002798 0.036520 -0.010363 -0.024711 0.007354 -0.003419 0.999662
1305031120.579551 -0.005155 0.046166 -0.013469 -0.027338 0.012933 -0.007713 0.999513
1305031120.615236 -0.002908 0.062393 -0.016709 -0.027697 0.016132 -0.009731 0.999439
1305031120.647354 -0.006528 0.072546 -0.020439 -0.032055 0.020046 -0.009301 0.999242
1305031120.679318 -0.009317 0.079480 -0.028405 -0.035253 0.022877 -0.010702 0.999059
1305031120.714522 -0.004765 0.089789 -0.026220 -0.037400 0.020545 -0.008461 0.999053
1305031120.747369 -0.014140 0.103710 -0.036912 -0.035845 0.027993 -0.012956 0.998881
1305031120.779894 -0.017838 0.115063 -0.038785 -0.037646 0.030971 -0.012192 0.998737
1305031120.814944 -0.018327 0.119967 -0.042054 -0.041635 0.031155 -0.011409 0.998582
1305031120.847921 -0.019865 0.130029 -0.045343 -0.040491 0.032360 -0.009479 0.998611
1305031120.883435 -0.022191 0.138927 -0.050616 -0.043029 0.032451 -0.007914 0.998515
1305031120.915444 -0.022047 0.143678 -0.052900 -0.045626 0.030544 -0.006094 0.998473
1305031120.947488 -0.022995 0.156739 -0.054958 -0.044208 0.030104 -0.003870 0.998561
1305031120.983366 -0.022595 0.166743 -0.057662 -0.044370 0.029685 -0.001484 0.998573
1305031121.015019 -0.021802 0.174083 -0.060645 -0.046584 0.029655 -0.000163 0.998474
1305031121.047498 -0.022717 0.182778 -0.059566 -0.047209 0.029337 0.001769 0.998453
1305031121.083099 -0.023494 0.197969 -0.061785 -0.046127 0.030858 0.002310 0.998456
1305031121.114696 -0.023276 0.203345 -0.064119 -0.049916 0.032011 0.002709 0.998237
1305031121.147331 -0.023791 0.210315 -0.067342 -0.052119 0.032788 0.002916 0.998098
1305031121.183271 -0.023814 0.219125 -0.070462 -0.053941 0.034119 0.003135 0.997956
1305031121.211420 -0.027928 0.231500 -0.074769 -0.055418 0.035125 0.003426 0.997839
1305031121.247194 -0.022709 0.240056 -0.074511 -0.057189 0.031607 0.004839 0.997851
1305031121.282876 -0.022079 0.252224 -0.075807 -0.055778 0.033072 0.003993 0.997887
1305031121.313568 -0.023990 0.261192 -0.082393 -0.058849 0.034027 0.002877 0.997683
1305031121.347517 -0.019796 0.270003 -0.081981 -0.060304 0.033788 0.002190 0.997606
1305031121.383226 -0.023881 0.281015 -0.089119 -0.061413 0.036758 0.000984 0.997435
1305031121.414318 -0.024883 0.285181 -0.093919 -0.067357 0.035598 0.002948 0.997089
1305031121.447319 -0.027866 0.294293 -0.097285 -0.067802 0.036838 0.001246 0.997018
1305031121.482964 -0.030231 0.313742 -0.102632 -0.066424 0.035616 -0.000045 0.997156
1305031121.514107 -0.023775 0.317120 -0.104023 -0.070896 0.032040 -0.000354 0.996969
1305031121.547270 -0.022624 0.321577 -0.106811 -0.070528 0.031721 -0.000943 0.997005
1305031121.583204 -0.025501 0.336318 -0.110271 -0.067316 0.031316 -0.000651 0.997240
1305031121.614700 -0.027101 0.346185 -0.111489 -0.067826 0.029687 0.000582 0.997255
1305031121.647183 -0.028215 0.348276 -0.117282 -0.069671 0.025413 0.002341 0.997244
1305031121.683200 -0.023185 0.361370 -0.116089 -0.065632 0.019958 0.003892 0.997637
1305031121.714520 -0.017973 0.363918 -0.119359 -0.066757 0.018467 0.002178 0.997596
1305031121.747145 -0.020598 0.371023 -0.120096 -0.064482 0.019184 0.001949 0.997733
1305031121.782835 -0.018800 0.383587 -0.121422 -0.060852 0.018781 -0.000100 0.997970
1305031121.811540 -0.020985 0.384566 -0.123696 -0.060971 0.018818 -0.002381 0.997959
1305031121.847335 -0.014855 0.388525 -0.124983 -0.058790 0.016581 -0.006125 0.998114
1305031121.882060 -0.010649 0.392571 -0.121450 -0.056344 0.016687 -0.011865 0.998201
1305031121.914931 -0.007820 0.400157 -0.116969 -0.052623 0.018193 -0.013728 0.998354
1305031121.947288 -0.014142 0.399610 -0.119319 -0.052827 0.021880 -0.013242 0.998276
1305031121.982926 -0.014727 0.388194 -0.122452 -0.055721 0.021516 -0.013129 0.998128
1305031122.014256 -0.014727 0.388194 -0.122452 -0.055721 0.021516 -0.013129 0.998128
1305031122.047306 0.000000 0.000000 0.000000 0.000000 0.000000 0.000000 1.000000
1305031122.082959 -0.000232 -0.005393 0.002674 -0.000248 0.000454 0.003830 0.999993
1305031122.114672 0.000669 -0.018881 0.005499 -0.003028 0.000399 0.007354 0.999968
1305031122.150725 0.002196 -0.024295 0.010452 -0.001139 0.000064 0.012958 0.999915
1305031122.183042 0.001961 -0.038299 0.012699 -0.004420 -0.000731 0.017989 0.999828
1305031122.214959 0.006992 -0.055221 0.020776 -0.002745 -0.003811 0.024719 0.999683
1305031122.251319 0.008815 -0.058030 0.019357 0.005001 -0.004776 0.027742 0.999591
1305031122.283560 0.009483 -0.065253 0.022397 0.006815 -0.003511 0.030390 0.999509
1305031122.314289 0.022178 -0.099040 0.032172 0.005546 -0.004734 0.034516 0.999378
1305031122.351327 0.012063 -0.080227 0.024750 0.022327 0.001448 0.038048 0.999025
1305031122.382630 0.015009 -0.092426 0.030359 0.027407 0.003079 0.038537 0.998877
1305031122.414997 0.019917 -0.097820 0.037219 0.032873 0.005931 0.039437 0.998664
1305031122.451257 0.021062 -0.106627 0.044722 0.036172 0.010801 0.038665 0.998539
1305031122.483360 0.021424 -0.119067 0.042758 0.039155 0.016278 0.036791 0.998423
1305031122.515097 0.022693 -0.118656 0.056834 0.044555 0.020128 0.041883 0.997926
1305031122.551490 0.021807 -0.134673 0.055150 0.044786 0.021921 0.042294 0.997860
1305031122.583208 0.019670 -0.147541 0.050612 0.046009 0.022236 0.041222 0.997842
1305031122.614980 0.023347 -0.152591 0.056890 0.048430 0.021479 0.040972 0.997755
1305031122.648788 0.024058 -0.166574 0.059613 0.046150 0.023834 0.039390 0.997873
1305031122.683402 0.028304 -0.176906 0.064480 0.045706 0.023814 0.038976 0.997910
1305031122.715208 0.030429 -0.185173 0.069162 0.046471 0.025967 0.036865 0.997901
1305031122.751298 0.030491 -0.203321 0.068963 0.043904 0.029329 0.035860 0.997961
1305031122.783423 0.028563 -0.222071 0.070297 0.044925 0.030647 0.035179 0.997900
1305031122.812555 0.027302 -0.229010 0.066924 0.051572 0.030537 0.035371 0.997575
1305031122.851418 0.024191 -0.239788 0.064213 0.053107 0.027932 0.037347 0.997499
1305031122.883754 0.023316 -0.250498 0.064059 0.056291 0.021801 0.035655 0.997539
1305031122.914571 0.028405 -0.255311 0.066956 0.061123 0.017346 0.035328 0.997354
1305031122.951341 0.027809 -0.264871 0.067104 0.061391 0.017120 0.034129 0.997383
1305031122.982815 0.029773 -0.275951 0.068850 0.062004 0.015937 0.030870 0.997471
1305031123.015450 0.026594 -0.281959 0.065703 0.065296 0.018200 0.027276 0.997327
1305031123.051827 0.023784 -0.288639 0.066609 0.065369 0.018720 0.025294 0.997365
1305031123.082975 0.025340 -0.300517 0.069887 0.063736 0.016910 0.023563 0.997545
1305031123.113873 0.024380 -0.310265 0.069256 0.066800 0.015606 0.021837 0.997405
1305031123.150822 0.022892 -0.319687 0.066268 0.069576 0.015483 0.020013 0.997256
1305031123.182155 0.016823 -0.337497 0.060855 0.068755 0.016304 0.018569 0.997327
1305031123.214704 0.016206 -0.342925 0.057392 0.075514 0.011336 0.018141 0.996915
1305031123.250618 0.018326 -0.360358 0.053994 0.078694 0.007114 0.020736 0.996658
1305031123.282347 0.014044 -0.362327 0.044199 0.090950 0.004766 0.017940 0.995682
1305031123.311327 0.013926 -0.367332 0.037315 0.098749 -0.000158 0.016626 0.994973
1305031123.350481 0.006732 -0.375431 0.031969 0.103806 -0.001618 0.015510 0.994475
1305031123.382255 0.008753 -0.396061 0.028294 0.101949 -0.008419 0.013786 0.994658
1305031123.411363 0.003902 -0.398483 0.024846 0.107834 -0.012224 0.011877 0.994023
1305031123.451255 0.006114 -0.406525 0.024717 0.110393 -0.016661 0.010752 0.993690
1305031123.483594 -0.001354 -0.415579 0.018715 0.114051 -0.016899 0.006021 0.993313
1305031123.511360 -0.004131 -0.418244 0.012996 0.119573 -0.018629 0.002847 0.992647
1305031123.551513 -0.002541 -0.429826 0.015700 0.119107 -0.020682 0.001349 0.992665
1305031123.579583 -0.011095 -0.433985 0.009011 0.122378 -0.018151 -0.001243 0.992317
1305031123.611335 -0.012576 -0.439942 0.011310 0.124394 -0.020027 -0.001215 0.992030
1305031123.652411 -0.014434 -0.454783 0.003796 0.124646 -0.021669 -0.002541 0.991961
1305031123.683753 -0.010593 -0.463010 0.001776 0.127088 -0.027745 -0.001068 0.991503
1305031123.711323 -0.016822 -0.461765 -0.004656 0.135712 -0.029846 -0.002969 0.990294
1305031123.751723 -0.021500 -0.458756 -0.010711 0.142808 -0.030923 -0.006069 0.989249
1305031123.783858 -0.021155 -0.458292 -0.012232 0.146254 -0.031693 -0.007657 0.988710
1305031123.811608 -0.023763 -0.463356 -0.011884 0.145306 -0.030614 -0.008426 0.988877
1305031123.851444 -0.027463 -0.461971 -0.015094 0.147379 -0.029598 -0.011257 0.988573
1305031123.883786 -0.029184 -0.453396 -0.015540 0.151303 -0.028071 -0.013250 0.988000
1305031123.911243 -0.032103 -0.454728 -0.012580 0.146321 -0.024488 -0.012494 0.988855
1305031123.951442 -0.028006 -0.457869 -0.006866 0.144112 -0.027117 -0.013044 0.989104
1305031123.983415 -0.034140 -0.444911 -0.016074 0.149596 -0.022038 -0.017016 0.988355
1305031124.011302 -0.032960 -0.434603 -0.011467 0.146586 -0.017990 -0.016384 0.988899
1305031124.051505 -0.029544 -0.436097 -0.004185 0.138828 -0.016383 -0.015572 0.990059
1305031124.083837 -0.029544 -0.436097 -0.004185 0.138828 -0.016383 -0.015572 0.990059
1305031124.111331 0.000000 0.000000 0.000000 0.000000 0.000000 0.000000 1.000000
1305031124.147446 0.001762 0.001050 0.001127 -0.008334 0.000033 0.003107 0.999960
1305031124.182694 0.001957 0.012629 -0.000438 -0.007780 0.001303 0.004483 0.999959
1305031124.211396 -0.000529 0.024770 -0.002674 -0.013605 0.003551 0.007586 0.999872
1305031124.249327 0.003947 0.026848 -0.002140 -0.021526 0.002997 0.007309 0.999737
1305031124.282545 0.004119 0.038663 -0.001451 -0.020442 0.007023 0.008622 0.999729
1305031124.311361 0.000381 0.056355 -0.002923 -0.020599 0.013228 0.008272 0.999666
1305031124.350354 0.005096 0.057566 -0.001854 -0.029906 0.013758 0.010516 0.999403
1305031124.382420 0.001272 0.068809 -0.005154 -0.032551 0.018093 0.011063 0.999245
1305031124.411439 0.001044 0.086079 -0.004552 -0.034992 0.019511 0.012411 0.999120
1305031124.450245 0.000139 0.095279 -0.003966 -0.042435 0.020547 0.014553 0.998782
1305031124.480099 0.000680 0.106147 0.003266 -0.049701 0.019786 0.019710 0.998374
1305031124.511324 0.003887 0.114672 0.002356 -0.056801 0.019376 0.022397 0.997946
1305031124.550437 0.003823 0.125731 0.001016 -0.060199 0.020447 0.026094 0.997636
1305031124.579404 0.004534 0.137669 0.000026 -0.063334 0.021608 0.029992 0.997308
1305031124.611358 0.009006 0.149259 0.000410 -0.068202 0.020213 0.034264 0.996878
1305031124.651271 0.006694 0.161311 -0.001538 -0.070609 0.022797 0.037361 0.996543
1305031124.679362 0.004992 0.179386 -0.000955 -0.070740 0.023913 0.041506 0.996344
1305031124.711251 0.011715 0.183013 0.000904 -0.079785 0.018046 0.048088 0.995488
1305031124.749890 0.012136 0.194860 -0.002326 -0.082017 0.017232 0.050135 0.995220
1305031124.779365 0.010017 0.205459 -0.009619 -0.085946 0.019156 0.051556 0.994781
1305031124.811360 0.010999 0.216233 -0.011952 -0.088176 0.019313 0.052196 0.994549
1305031124.850535 0.007123 0.230217 -0.018008 -0.087671 0.022181 0.052100 0.994539
1305031124.879355 0.000506 0.246581 -0.024781 -0.088181 0.024273 0.052446 0.994427
1305031124.911448 0.001668 0.256075 -0.027581 -0.090081 0.020832 0.052709 0.994321
1305031124.950730 0.001599 0.264364 -0.033908 -0.088664 0.019333 0.052467 0.994491
1305031124.979438 0.001134 0.287574 -0.036264 -0.086190 0.018842 0.050386 0.994825
1305031125.011454 0.005152 0.296924 -0.042385 -0.091076 0.020365 0.049476 0.994406
1305031125.050763 0.000125 0.301321 -0.049677 -0.094647 0.024501 0.049105 0.993997
1305031125.079364 0.001889 0.311445 -0.056242 -0.094292 0.023730 0.045790 0.994208
1305031125.111364 0.004153 0.330153 -0.054945 -0.092578 0.024191 0.044908 0.994398
1305031125.151013 -0.000919 0.333664 -0.064817 -0.098263 0.025816 0.046765 0.993726
1305031125.179353 0.000921 0.336465 -0.067575 -0.099223 0.023023 0.045856 0.993741
1305031125.211320 0.002204 0.351216 -0.068880 -0.094827 0.021337 0.045484 0.994225
1305031125.250632 0.002171 0.363805 -0.072575 -0.096166 0.020468 0.047836 0.994004
1305031125.279467 0.001801 0.365626 -0.078563 -0.100559 0.020686 0.048687 0.993524
1305031125.311493 0.002442 0.382412 -0.079712 -0.098154 0.018600 0.048531 0.993813
1305031125.348880 0.003256 0.380938 -0.085373 -0.104434 0.016981 0.050343 0.993112
1305031125.379401 -0.003945 0.383756 -0.090755 -0.105053 0.015871 0.054047 0.992870
1305031125.411335 -0.003442 0.387802 -0.094490 -0.105747 0.009361 0.054039 0.992880
1305031125.451195 -0.002725 0.397410 -0.093479 -0.101806 0.003366 0.055241 0.993264
1305031125.479424 -0.006684 0.403963 -0.098017 -0.102745 0.000866 0.056015 0.993129
1305031125.511316 -0.003044 0.406744 -0.097479 -0.103103 -0.004521 0.056615 0.993048
1305031125.551020 -0.004944 0.409645 -0.097861 -0.102420 -0.007552 0.058433 0.992995
1305031125.579308 -0.007557 0.409844 -0.097836 -0.101633 -0.010777 0.059835 0.992962
1305031125.611533 -0.003782 0.424217 -0.093387 -0.098785 -0.015885 0.060204 0.993159
1305031125.650575 0.005952 0.422586 -0.092618 -0.104226 -0.017529 0.057233 0.992751
1305031125.679328 0.014282 0.411665 -0.092789 -0.110582 -0.015748 0.057576 0.992073
1305031125.711443 0.014282 0.411665 -0.092789 -0.110582 -0.015748 0.057576 0.992073
1305031125.751260 0.000000 0.000000 0.000000 0.000000 0.000000 0.000000 1.000000
1305031125.779348 -0.001253 -0.007703 0.002070 0.000101 0.001514 0.002719 0.999995
1305031125.811573 -0.002104 -0.018954 0.006079 -0.001037 0.001007 0.003560 0.999993
1305031125.847412 -0.000415 -0.025775 0.009355 0.001463 -0.000865 0.005428 0.999984
1305031125.879318 0.004841 -0.033222 0.015807 0.001614 -0.001726 0.007012 0.999973
1305031125.911305 0.008928 -0.048693 0.019896 0.003655 0.000697 0.005527 0.999978
1305031125.947343 0.010373 -0.051231 0.021413 0.008438 0.007229 0.004133 0.999930
1305031125.979324 0.003555 -0.055000 0.024913 0.011022 0.017186 0.000835 0.999791
1305031126.011333 0.005550 -0.068257 0.028941 0.012559 0.022203 0.001515 0.999673
1305031126.047324 -0.002993 -0.081929 0.024506 0.015011 0.026639 -0.000078 0.999532
1305031126.079356 -0.005486 -0.092608 0.024992 0.020087 0.025703 -0.000950 0.999467
1305031126.111370 -0.004732 -0.097929 0.028130 0.026215 0.024663 0.000420 0.999352
1305031126.147432 -0.001237 -0.114427 0.034840 0.027948 0.021842 0.000034 0.999371
1305031126.179384 0.001448 -0.129222 0.034508 0.034972 0.021383 -0.001076 0.999159
1305031126.211319 -0.000726 -0.133189 0.033678 0.041190 0.022491 0.002214 0.998896
1305031126.247298 -0.000692 -0.138947 0.038781 0.046681 0.020662 0.003503 0.998690
1305031126.279363 -0.014620 -0.168503 0.021311 0.047961 0.024914 -0.004420 0.998529
1305031126.311332 0.009472 -0.132251 0.051509 0.067946 0.011334 0.016235 0.997493
1305031126.347363 0.010948 -0.141205 0.053144 0.073670 0.006991 0.018604 0.997085
1305031126.379423 0.011791 -0.151139 0.053171 0.078649 0.003892 0.018928 0.996715
1305031126.411465 0.015286 -0.166500 0.053552 0.081919 0.001356 0.020847 0.996420
1305031126.447361 0.015035 -0.170375 0.054418 0.088818 0.000060 0.020499 0.995837
1305031126.479533 0.015462 -0.181511 0.055587 0.091217 -0.000269 0.016773 0.995690
1305031126.511410 0.016197 -0.197670 0.054688 0.092852 0.001408 0.014890 0.995568
1305031126.547374 0.011208 -0.203672 0.052022 0.100712 0.003646 0.014315 0.994806
1305031126.579454 0.006865 -0.213619 0.048219 0.104830 0.002777 0.011683 0.994418
1305031126.611528 0.007823 -0.220396 0.048510 0.111100 -0.000006 0.011128 0.993747
1305031126.647376 -0.002200 -0.226871 0.039093 0.115334 0.002226 0.007100 0.993299
1305031126.679479 0.001244 -0.233884 0.043733 0.116875 -0.003095 0.004250 0.993133
1305031126.711583 -0.008820 -0.230402 0.040684 0.125922 -0.001356 -0.001800 0.992038
1305031126.747316 -0.012714 -0.230698 0.040845 0.128934 -0.002572 -0.005412 0.991635
1305031126.779379 -0.013045 -0.239719 0.042653 0.126434 -0.004306 -0.007771 0.991935
1305031126.811602 -0.019486 -0.239604 0.041958 0.129229 -0.004271 -0.009321 0.991562
1305031126.847343 -0.020197 -0.242984 0.043711 0.129881 -0.008773 -0.010000 0.991440
1305031126.879357 -0.020655 -0.245303 0.046810 0.131133 -0.011066 -0.010354 0.991249
1305031126.911364 -0.022581 -0.245129 0.046216 0.132301 -0.012589 -0.009929 0.991080
1305031126.947437 -0.020147 -0.246934 0.050265 0.132975 -0.015633 -0.010495 0.990940
1305031126.979337 -0.022075 -0.244603 0.050410 0.134745 -0.014304 -0.012526 0.990698
1305031127.011371 -0.024526 -0.244812 0.049719 0.132934 -0.012073 -0.013198 0.990964
1305031127.047297 -0.024288 -0.249079 0.051880 0.129847 -0.012180 -0.013866 0.991362
1305031127.079299 -0.024288 -0.249079 0.051880 0.129847 -0.012180 -0.013866 0.991362
1305031127.111435 0.000000 0.000000 0.000000 0.000000 0.000000 0.000000 1.000000
1305031127.147307 -0.000254 0.002754 -0.000468 -0.000822 0.003970 -0.001059 0.999991
1305031127.179349 0.000590 0.002403 0.000064 -0.003736 0.006332 0.000452 0.999973
1305031127.211700 -0.001497 0.003681 -0.003050 -0.004982 0.008723 0.001293 0.999949
1305031127.247374 -0.002069 0.008292 -0.004597 -0.006144 0.009279 0.001495 0.999937
1305031127.279465 -0.000029 0.008014 -0.003135 -0.009573 0.008270 0.003213 0.999915
1305031127.311362 0.001002 0.011500 -0.003900 -0.008743 0.008789 0.003750 0.999916
1305031127.347356 -0.000751 0.017207 -0.007284 -0.009918 0.011494 0.004319 0.999875
1305031127.379262 0.000181 0.017333 -0.007020 -0.013226 0.012270 0.004684 0.999826
1305031127.411371 0.000495 0.020347 -0.008447 -0.012992 0.013278 0.005740 0.999811
1305031127.447333 -0.000556 0.025120 -0.011162 -0.013057 0.015352 0.005264 0.999783
1305031127.479362 0.002453 0.022088 -0.012256 -0.017074 0.015044 0.006758 0.999718
1305031127.511356 0.000000 0.000000 0.000000 0.000000 0.000000 0.000000 1.000000
1305031127.547348 0.000000 0.000000 0.000000 0.000000 0.000000 0.000000 1.000000
1305031127.579345 0.000255 -0.000102 -0.001358 -0.002279 0.000516 0.000019 0.999997
1305031127.611271 0.000963 -0.001402 -0.002253 -0.002824 0.000695 0.000569 0.999996
1305031127.647358 0.000187 0.002263 -0.003185 -0.000955 0.001448 -0.000941 0.999998
1305031127.679298 0.000760 0.003915 -0.002499 -0.002286 0.001708 -0.001491 0.999995
1305031127.711375 0.001480 0.002086 -0.002678 -0.003648 0.002175 -0.000656 0.999991
1305031127.747304 -0.000473 0.004191 -0.004969 -0.002209 0.003589 -0.001034 0.999991
1305031127.779346 0.000567 0.006568 -0.004650 -0.002887 0.003383 -0.001290 0.999989
1305031127.811829 0.001728 0.006237 -0.004623 -0.004456 0.003369 -0.000302 0.999984
1305031127.847366 0.001962 0.005840 -0.004342 -0.004654 0.003181 0.001040 0.999984
1305031127.879380 0.002825 0.007349 -0.003997 -0.004248 0.003253 0.001356 0.999985
1305031127.911476 0.003101 0.007533 -0.004344 -0.004658 0.004059 0.001743 0.999979
1305031127.947366 0.000000 0.000000 0.000000 0.000000 0.000000 0.000000 1.000000
1305031127.979371 0.000000 0.000000 0.000000 0.000000 0.000000 0.000000 1.000000
1305031128.011427 -0.001615 0.000495 -0.002045 0.001044 0.000783 0.000321 0.999999
1305031128.047369 -0.003147 0.002080 -0.005975 0.003334 0.000526 -0.001032 0.999994
1305031128.079334 -0.002391 0.005679 -0.006967 0.004201 -0.000018 -0.002404 0.999988
1305031128.111391 -0.002569 0.005974 -0.007385 0.003131 0.000117 -0.002380 0.999992
1305031128.147418 -0.003266 0.005904 -0.009753 0.003413 0.000596 -0.004020 0.999986
1305031128.179350 -0.005539 0.010935 -0.010582 0.004162 0.001666 -0.005976 0.999972
1305031128.211447 -0.003777 0.010008 -0.009266 0.001751 0.000780 -0.005963 0.999980
1305031128.247480 -0.002886 0.009116 -0.009509 0.001735 0.000850 -0.006343 0.999978
1305031128.279336 -0.003908 0.012500 -0.009830 0.002773 0.001631 -0.006278 0.999975
1305031128.311483 -0.004323 0.011342 -0.009605 0.001037 0.001891 -0.005582 0.999982
1305031128.347423 -0.003104 0.011123 -0.009442 0.000959 0.001522 -0.004673 0.999987
1305031128.379404 0.000000 0.000000 0.000000 0.000000 0.000000 0.000000 1.000000
1305031128.411337 0.000000 0.000000 0.000000 0.000000 0.000000 0.000000 1.000000
1305031128.447296 0.000681 0.000002 0.000403 -0.000318 -0.000247 0.001000 0.999999
1305031128.479296 0.000748 0.000441 -0.001004 -0.000264 0.000150 0.002079 0.999998
1305031128.511433 0.000337 0.001309 0.000050 -0.000363 -0.000065 0.002958 0.999996
1305031128.547399 0.000693 0.002078 0.000769 -0.000113 -0.000755 0.003114 0.999995
1305031128.579455 0.001463 0.003255 -0.000056 -0.000685 -0.001607 0.003678 0.999992
1305031128.611395 0.002648 0.004018 0.001067 -0.001835 -0.001952 0.003161 0.999991
1305031128.647352 0.004248 0.003802 0.002880 -0.002351 -0.001429 0.003414 0.999990
1305031128.679282 0.003370 0.005005 0.002593 -0.002426 0.000441 0.003808 0.999990
1305031128.711457 0.001924 0.005635 0.001978 -0.003368 0.001095 0.004572 0.999983